5.14444
5.09636
4.97086
5.04848
4.95806
5.12005
4.93447
5.00256
5.01311
5.10947
5.00694
5.01332
5.00161
5.07584
4.89624
4.98239
5.14858
4.95164
5.06645
4.92989
5.06922
5.06714
4.97449
4.95465
5.12099
4.94284
4.89126
4.95932
4.97917
5.00841
4.94169
4.95533
5.05531
5.03546
4.9574
5.0538
4.93982
5.20348
5.01532
5.13565
5.14215
4.98613
5.01149
4.95854
4.98289
5.16724
4.85936
5.10687
5.04358
4.98299
5.13704
4.95672
5.09331
4.94321
4.89973
5.00602
4.98279
4.90362
5.0873
5.05963
5.0092
4.93355
4.96469
4.96998
5.03734
4.96283
5.07235
5.09764
5.09052
4.93101
5.02729
4.89998
4.94186
4.80744
4.96683
5.04772
4.99297
4.95053
4.92541
5.00836
5.0077
4.92249
4.89407
5.05096
4.98798
5.02219
5.01793
4.92999
5.02795
4.94697
4.94593
4.93782
4.88541
5.01468
4.95255
4.90369
4.92077
4.95211
4.98022
4.94742
4.95087
4.977
5.01702
4.91445
4.84594
4.86232
5.00813
4.95582
4.80329
4.95052
4.89685
4.77366
5.02702
4.85346
4.8946
5.00051
4.97508
4.87442
5.02359
4.99321
4.90169
4.90705
4.83912
5.05713
4.90995
4.92025
4.91216
4.95086
4.91502
4.81417
4.80533
4.89951
5.0434
4.96
4.88227
4.8622
4.95575
4.84918
4.98478
4.98763
4.83689
4.88958
5.00393
4.88144
5.01634
4.97488
4.87159
4.84212
4.7423
4.96613
4.94258
4.87957
4.84035
4.7922
5.03817
4.83191
4.84536
4.90164
4.94018
4.85599
4.86878
4.9828
4.8236
4.81043
4.89572
4.79412
4.88945
4.79917
4.7703
4.82201
4.83377
4.7987
4.787
4.77234
4.77483
4.71769
4.80028
4.80974
4.89119
4.77934
4.87946
4.80225
4.82118
4.94908
4.78398
4.72943
4.83838
4.76156
4.827
4.72649
4.71615
4.74139
4.72997
4.79275
4.76273
4.82366
4.80562
4.79274
4.77922
4.83109
4.79353
4.80018
4.69155
4.75427
4.70659
4.7933
4.74743
4.67816
4.7286
4.72105
4.64978
4.7986
4.77256
4.77548
4.73687
4.77207
4.77426
4.7474
4.86772
4.68155
4.68165
4.74087
4.74849
4.71973
4.79739
4.73386
4.6662
4.65801
4.73485
4.74947
4.76598
4.63789
4.76141
4.81259
4.63735
4.70922
4.83256
4.68935
4.65313
4.7657
4.66242
4.63379
4.74838
4.74027
4.68154
4.69263
4.69203
4.76724
4.66399
4.59147
4.5215
4.60351
4.62376
4.66103
4.64315
4.74032
4.65687
4.79266
4.66181
4.69777
4.61617
4.60674
4.61405
4.6341
4.56992
4.73171
4.63301
4.68704
4.6834
4.63468
4.66777
4.524
4.65271
4.65189
4.57237
4.58285
4.67158
4.53065
4.56824
4.66447
4.63905
4.69222
4.69808
4.53014
4.66469
4.60148
4.60449
4.71646
4.56385
4.6808
4.70983
4.57963
4.607
4.66874
4.57391
4.57293
4.59852
4.60786
4.61487
4.45303
4.6198
4.53949
4.54771
4.55801
4.5083
4.63608
4.55767
4.60755
4.5533
4.56039
4.54288
4.47387
4.65696
4.51946
4.53628
4.46263
4.48693
4.49453
4.613
4.49757
4.45684
4.55656
4.61993
4.54937
4.50752
4.55098
4.45326
4.63724
4.57602
4.43411
4.45726
4.43488
4.5329
4.53174
4.46185
4.50612
4.46257
4.45446
4.51061
4.53586
4.54221
4.41319
4.53541
4.34642
4.43067
4.49702
4.48536
4.30293
4.49748
4.37348
4.48936
4.5306
4.54818
4.504
4.33967
4.50276
4.41272
4.42052
4.497
4.43463
4.54947
4.53538
4.5
4.53534
4.57828
4.51459
4.36047
4.3672
4.46868
4.45478
4.40405
4.31831
4.4573
4.44221
4.42971
4.4156
4.48798
4.39795
4.4568
4.46164
4.34705
4.40352
4.37568
4.45187
4.36761
4.36795
4.49377
4.33793
4.27182
4.40088
4.37504
4.30797
4.44155
4.34474
4.35654
4.318
4.34203
4.34332
4.28647
4.33451
4.43339
4.32859
4.35446
4.36137
4.40194
4.45557
4.40845
4.33111
4.33049
4.27366
4.39891
4.28146
4.27085
4.25766
4.3434
4.38251
4.30898
4.27845
4.42937
4.40498
4.32242
4.27564
4.37309
4.34686
4.31727
4.18425
4.3114
4.25042
4.32148
4.22748
4.12615
4.40255
4.1995
4.23784
4.25347
4.41984
4.26835
4.28278
4.35638
4.3058
4.33427
4.29185
4.33708
4.23929
4.43542
4.33207
4.40051
4.1717
4.25548
4.22194
4.30615
4.22052
4.2497
4.271
4.19941
4.22858
4.23614
4.11871
4.14899
4.15655
4.20511
4.15393
4.30209
4.29489
4.2191
4.23185
4.17573
4.26294
4.19475
4.26413
4.29937
4.21352
4.26736
4.24662
4.22977
4.27766
4.18468
4.29589
4.21539
4.28142
4.24441
4.23007
4.25113
4.14843
4.13821
4.21588
4.21591
4.30183
4.11757
4.14625
4.10285
4.21592
4.05721
4.25954
4.19214
4.2169
4.14415
4.26506
4.11508
4.15809
4.21336
4.17754
4.09105
4.09688
4.07575
4.0921
4.14817
4.12699
4.12442
4.06066
4.238
4.11715
4.07706
4.1066
4.11014
4.12625
4.1267
4.04949
4.15588
4.05786
4.13494
4.2254
4.13241
4.00985
4.13708
4.18738
4.07038
4.15563
4.07155
4.01219
4.0928
4.12852
4.15797
4.03941
3.93685
4.08663
4.10673
4.11406
4.11047
4.01929
3.99369
4.01123
4.13429
3.98903
3.96927
4.03503
4.07386
4.02104
3.96914
4.09105
4.06874
4.09611
3.95263
4.11818
3.93848
4.04831
3.95068
4.1097
3.97689
3.9906
3.94259
4.00315
3.9198
3.88938
4.08349
3.98918
4.00395
3.98659
4.02087
4.04865
4.02262
3.9912
3.9902
4.03739
4.04531
3.88857
3.97356
3.97201
3.97158
3.96467
3.94596
4.05747
4.02863
4.01764
3.9932
3.92974
4.01107
3.98096
3.96059
4.03638
4.02532
3.97253
4.03252
3.98022
3.90186
4.03777
3.96673
3.98556
3.90708
3.88598
3.993
3.95621
3.81773
3.87069
3.85562
3.98009
3.80701
3.9161
3.98147
3.87129
3.92963
3.85594
3.95377
3.92318
3.8153
3.83327
3.92899
3.94507
3.9478
3.89249
3.79683
3.8538
3.84556
3.85793
3.97773
3.95929
3.88068
3.86493
3.93101
3.83626
3.86416
3.84983
3.89002
3.84506
3.927
3.80269
3.84404
3.79269
3.80648
3.91612
3.79314
3.93348
3.90652
3.77528
3.79218
3.85083
3.9002
3.89744
3.76877
3.86371
3.76408
3.83408
3.91533
3.82301
3.80414
3.83262
3.8536
3.92464
3.8572
3.79706
3.88065
3.80358
3.71162
3.84681
3.84134
3.76305
3.85557
3.86576
3.81413
3.82641
3.73488
3.75609
3.83083
3.78584
3.73433
3.74084
3.70697
3.67855
3.67808
3.76566
3.68192
3.73332
3.83981
3.87183
3.84525
3.76717
3.88051
3.72627
3.67367
3.77125
3.76809
3.76122
3.80347
3.84804
3.74661
3.78012
3.67769
3.69
3.74091
3.84096
3.72571
3.77666
3.80703
3.72824
3.84273
3.76498
3.76441
3.74327
3.75561
3.65972
3.79984
3.71683
3.68169
3.61995
3.7966
3.62854
3.64615
3.5366
3.70934
3.7257
3.65871
3.68578
3.68776
3.67489
3.69869
3.66528
3.69078
3.64545
3.71428
3.61287
3.59578
3.67323
3.54127
3.66147
3.66212
3.61594
3.66653
3.64728
3.65945
3.61853
3.58559
3.73932
3.69045
3.617
3.70587
3.66987
3.69816
3.53388
3.71452
3.55625
3.62453
3.5366
3.66432
3.54695
3.65064
3.61339
3.65101
3.53662
3.54156
3.5158
3.60933
3.68624
3.52819
3.58556
3.62397
3.56013
3.56868
3.57594
3.55961
3.57996
3.67609
3.61316
3.51901
3.56436
3.63992
3.49127
3.571
3.61674
3.56855
3.51809
3.50961
3.56843
3.52047
3.4649
3.57457
3.55194
3.55081
3.53202
3.56194
3.659
3.56676
3.53571
3.52599
3.45575
3.48869
3.53583
3.64353
3.61631
3.51061
3.55383
3.49532
3.5492
3.50005
3.52709
3.41643
3.53285
3.43926
3.43737
3.49813
3.48674
3.55015
3.50744
3.57186
3.50834
3.5029
3.52148
3.5382
3.45145
3.5417
3.45419
3.49284
3.52223
3.58742
3.56525
3.4652
3.53408
3.46132
3.42263
3.37302
3.5098
3.4925
3.38761
3.42745
3.45415
3.47639
3.43531
3.37128
3.50791
3.42454
3.43796
3.45544
3.46674
3.51321
3.48574
3.40405
3.36428
3.46993
3.48721
3.42134
3.37434
3.34695
3.39469
3.41717
3.42515
3.37091
3.42725
3.38671
3.44407
3.39229
3.44358
3.44838
3.46052
3.39912
3.37465
3.45261
3.39787
3.28569
3.33061
3.39537
3.29897
3.37799
3.37228
3.35548
3.37751
3.45691
3.36494
3.3965
3.3036
3.40299
3.42306
3.41781
3.31838
3.30024
3.45004
3.31833
3.45379
3.26057
3.40334
3.29984
3.18367
3.35633
3.31761
3.39996
3.22524
3.31798
3.27007
3.37985
3.35082
3.31923
3.34939
3.32029
3.35156
3.22119
3.25846
3.32466
3.3074
3.34516
3.2849
3.27598
3.3149
3.25115
3.3248
3.44684
3.20553
3.30809
3.27231
3.30956
3.28745
3.2738
3.3636
3.2975
3.26652
3.32767
3.30438
3.31833
3.26454
3.20346
3.35189
3.29731
3.33412
3.23611
3.28644
3.25031
3.25067
3.25385
3.22447
3.21427
3.29103
3.27693
3.32498
3.26191
3.25022
3.18877
3.14633
3.30307
3.26124
3.274
3.22212
3.27773
3.23697
3.19286
3.19955
3.23347
3.221
3.28027
3.12463
3.24932
3.17968
3.20682
3.1802
3.1523
3.25593
3.19957
3.20256
3.1708
3.18583
3.27939
3.14273
3.17534
3.18577
3.18818
3.22604
3.15177
3.21399
3.2423
3.26253
3.16711
3.16934
3.25307
3.13482
3.09117
3.15622
3.11847
3.20607
3.12797
3.15082
3.16434
3.11525
3.25902
3.2435
3.14255
3.24829
3.18348
3.11511
3.17482
3.20149
3.13958
3.21706
3.14538
3.10235
3.23359
3.20117
3.1023
3.15606
3.09208
3.2035
3.07019
3.11069
3.11832
3.17515
3.11782
3.11172
3.09742
3.15184
3.0255
3.08233
3.19765
3.0521
3.13869
3.03395
3.12609
3.11942
3.06574
3.03611
3.15679
3.02355
3.00366
3.04214
3.0499
3.07247
3.0231
3.02958
3.09428
3.07718
3.03494
3.09178
3.00947
3.18388
3.06065
3.14149
3.14441
3.04689
3.04271
3.01743
3.0297
3.14885
2.93608
3.11378
3.06605
3.01487
3.13297
2.99367
3.09318
2.99565
2.95409
3.01884
3.01487
2.95745
3.07161
3.06665
3.01787
2.96873
2.99082
2.99795
3.03221
2.98692
3.06651
3.07515
3.07907
2.95165
3.01813
2.95196
2.9618
2.87544
2.97965
3.03569
2.99563
2.96722
2.9487
2.99916
3.00103
2.93693
2.92753
3.02597
2.98924
3.00355
2.99578
2.94267
2.99686
2.95387
2.95619
2.9483
2.9016
2.99848
2.94617
2.91716
2.93041
2.95663
2.96424
2.94028
2.95108
2.9605
2.98959
2.91642
2.87673
2.87753
2.96805
2.94123
2.84308
2.93819
2.9016
2.8095
2.98427
2.86453
2.89366
2.96405
2.94633
2.87986
2.99018
2.95758
2.89605
2.90619
2.85685
2.99508
2.89675
2.91475
2.89137
2.92324
2.90404
2.82885
2.8231
2.88864
2.98939
2.92987
2.87463
2.85719
2.91702
2.853
2.94719
2.9511
2.84077
2.8779
2.94935
2.87277
2.95397
2.92956
2.85727
2.83842
2.7747
2.91919
2.90001
2.85597
2.82689
2.80096
2.96013
2.82344
2.83745
2.87245
2.90321
2.84035
2.85581
2.93026
2.83059
2.80795
2.86992
2.80077
2.86332
2.80218
2.78663
2.81911
2.8235
2.79799
2.78543
2.78712
2.79364
2.74831
2.79906
2.81002
2.85456
2.78225
2.85315
2.79725
2.81602
2.89574
2.78307
2.75504
2.83202
2.76241
2.8143
2.74295
2.74393
2.75411
2.75597
2.78183
2.77002
2.8041
2.79164
2.78918
2.78852
2.81196
2.78335
2.78637
2.70212
2.76169
2.72246
2.78042
2.74669
2.6963
2.73622
2.72585
2.68276
2.79076
2.75784
2.76323
2.73546
2.76082
2.76504
2.75535
2.81693
2.71065
2.70027
2.74137
2.7507
2.73316
2.7806
2.73187
2.68736
2.68326
2.73149
2.74308
2.75602
2.6689
2.7552
2.77449
2.67891
2.7183
2.80131
2.72253
2.67824
2.74197
2.67168
2.66708
2.73865
2.73603
2.70182
2.71151
2.70594
2.75369
2.68815
2.63342
2.58901
2.64884
2.65559
2.68334
2.66645
2.73048
2.67601
2.75918
2.67246
2.71102
2.63698
2.63595
2.63098
2.65727
2.61961
2.71815
2.65796
2.68583
2.70026
2.63998
2.68156
2.58075
2.66884
2.66439
2.62036
2.62762
2.67099
2.5896
2.61363
2.68375
2.65306
2.68074
2.69693
2.57713
2.67926
2.62594
2.63777
2.69946
2.60379
2.68434
2.70068
2.62372
2.63641
2.68414
2.60966
2.60382
2.6242
2.63668
2.63851
2.53605
2.64002
2.58924
2.59225
2.60589
2.5549
2.64224
2.59844
2.62224
2.58587
2.60148
2.58666
2.54079
2.66703
2.57053
2.57005
2.53457
2.54106
2.54303
2.62937
2.55527
2.52636
2.58734
2.63019
2.58302
2.56333
2.58642
2.52385
2.64321
2.59485
2.51316
2.52851
2.50017
2.57141
2.57601
2.53168
2.56265
2.52588
2.52732
2.55849
2.56873
2.57863
2.49306
2.57295
2.44821
2.51115
2.54918
2.53704
2.41698
2.54638
2.45901
2.5462
2.57816
2.57744
2.54737
2.44092
2.5538
2.49196
2.50769
2.55397
2.50607
2.57603
2.56432
2.55558
2.57168
2.60083
2.54824
2.46146
2.45429
2.53605
2.51006
2.48804
2.43979
2.51242
2.50223
2.50499
2.48483
2.54201
2.48615
2.52125
2.51703
2.44226
2.47956
2.46849
2.51076
2.46128
2.44279
2.54671
2.44848
2.39356
2.48384
2.46117
2.4209
2.50118
2.4414
2.44104
2.42494
2.43825
2.45237
2.40135
2.44045
2.50581
2.43781
2.4463
2.46644
2.48444
2.50571
2.48381
2.42786
2.43053
2.38972
2.47362
2.40033
2.39204
2.38534
2.44199
2.46811
2.41671
2.40768
2.49479
2.48214
2.42087
2.40157
2.45373
2.44539
2.42816
2.33822
2.40804
2.3866
2.41785
2.37142
2.30545
2.48041
2.3478
2.35539
2.37529
2.49558
2.38785
2.39058
2.43806
2.40044
2.42546
2.40601
2.4333
2.36716
2.496
2.42629
2.47325
2.32652
2.37295
2.36313
2.41037
2.36176
2.3707
2.38474
2.34205
2.36748
2.36574
2.29491
2.3101
2.32006
2.34639
2.31626
2.4136
2.40135
2.35255
2.35828
2.32652
2.3867
2.34468
2.38938
2.3997
2.3478
2.3951
2.38391
2.35136
2.38342
2.32643
2.39986
2.34518
2.40238
2.38018
2.37014
2.37282
2.30834
2.30563
2.35536
2.3491
2.40691
2.28255
2.30961
2.28302
2.36441
2.24855
2.37335
2.33511
2.35221
2.30385
2.38325
2.28152
2.30945
2.35067
2.3208
2.26734
2.2666
2.26406
2.26383
2.30741
2.2891
2.29485
2.26029
2.36168
2.2924
2.26227
2.2788
2.28067
2.29754
2.29524
2.24284
2.31037
2.24332
2.30029
2.34276
2.28426
2.2204
2.30065
2.32523
2.25669
2.3114
2.24638
2.22251
2.27919
2.29557
2.30324
2.23939
2.17494
2.26295
2.27514
2.28328
2.28721
2.21732
2.2033
2.21978
2.29049
2.21273
2.19614
2.2409
2.26266
2.22865
2.18841
2.26675
2.24989
2.25541
2.17719
2.29339
2.16483
2.23785
2.17789
2.28386
2.19835
2.2105
2.17739
2.20921
2.15974
2.1498
2.25585
2.20812
2.21139
2.19978
2.23711
2.23378
2.22117
2.2187
2.21488
2.23656
2.23125
2.14282
2.18952
2.18098
2.18929
2.1745
2.18216
2.24182
2.2358
2.21571
2.20433
2.15687
2.22453
2.21119
2.1831
2.22893
2.21622
2.20325
2.23364
2.1968
2.13862
2.23974
2.18874
2.20219
2.15213
2.14813
2.19946
2.19241
2.0937
2.12006
2.12083
2.19465
2.08462
2.15947
2.19636
2.12519
2.16385
2.11682
2.18096
2.16223
2.10142
2.10357
2.16438
2.17443
2.17567
2.13341
2.08455
2.11347
2.11553
2.1201
2.20759
2.17815
2.13591
2.12974
2.16786
2.10968
2.11401
2.12662
2.14423
2.11044
2.14978
2.08831
2.11668
2.08481
2.09691
2.15421
2.08525
2.16123
2.14602
2.07185
2.08916
2.11845
2.135
2.14385
2.07015
2.1262
2.06492
2.10334
2.15319
2.09364
2.09139
2.11149
2.11962
2.16569
2.12222
2.0964
2.12669
2.08042
2.02989
2.11007
2.11556
2.06608
2.10669
2.13435
2.09805
2.10845
2.05409
2.07354
2.09699
2.08308
2.03728
2.0353
2.03359
2.01224
2.02154
2.07105
2.01964
2.02916
2.11607
2.12887
2.11958
2.06979
2.13944
2.05786
2.02198
2.07086
2.05561
2.05961
2.08716
2.10974
2.05809
2.07718
1.99976
2.03221
2.04331
2.10203
2.03723
2.07174
2.08536
2.0485
2.11861
2.06885
2.06866
2.05708
2.06376
2.01275
2.08492
2.03011
2.02733
1.97506
2.08745
1.98205
2.00317
1.92521
2.03339
2.03363
2.00137
2.02106
2.01494
2.01107
2.02746
2.01962
2.02489
2.00177
2.03872
1.9769
1.95484
2.01507
1.9394
2.01476
2.01285
1.96923
2.01388
2.00152
1.9972
1.99193
1.96203
2.04557
2.02195
1.98565
2.0234
2.00788
2.02776
1.92452
2.02991
1.93487
1.98011
1.93287
2.01489
1.93428
2.00211
1.97796
1.99371
1.93512
1.94541
1.91269
1.98711
2.03078
1.91053
1.96004
1.97866
1.94537
1.94162
1.96548
1.95708
1.96109
2.01139
1.97617
1.89983
1.94539
1.9991
1.89614
1.94248
1.988
1.94783
1.91454
1.92025
1.94773
1.92891
1.89115
1.96206
1.9432
1.94189
1.93344
1.93762
1.9986
1.95232
1.93711
1.91604
1.89008
1.92028
1.93153
1.99757
1.98098
1.91969
1.93165
1.91404
1.93639
1.90696
1.93281
1.84905
1.93292
1.86801
1.87
1.91818
1.8998
1.93684
1.91787
1.95212
1.90854
1.9221
1.91825
1.92672
1.88076
1.93703
1.8927
1.90268
1.91988
1.96381
1.93974
1.88881
1.93052
1.88513
1.86575
1.82215
1.91406
1.9111
1.84314
1.85698
1.88568
1.8979
1.88415
1.84018
1.92515
1.86375
1.88036
1.88366
1.88368
1.93309
1.90659
1.8542
1.83194
1.91043
1.91791
1.8756
1.84432
1.81423
1.85187
1.8597
1.86863
1.84242
1.86956
1.84357
1.89091
1.84332
1.87409
1.87411
1.88846
1.83916
1.83901
1.87486
1.84934
1.77639
1.8186
1.8571
1.78878
1.85072
1.83558
1.83167
1.83432
1.8801
1.83693
1.85146
1.79905
1.85384
1.87834
1.86696
1.79546
1.79952
1.88233
1.80483
1.88941
1.77627
1.87764
1.79281
1.73447
1.83813
1.82136
1.84833
1.75524
1.82888
1.78176
1.84458
1.82964
1.814
1.82056
1.81729
1.82703
1.74592
1.76594
1.8128
1.8059
1.81785
1.79393
1.78879
1.8054
1.77542
1.80764
1.88565
1.73657
1.79785
1.79305
1.80436
1.80192
1.7684
1.85171
1.80126
1.7843
1.82506
1.80446
1.81669
1.77886
1.73502
1.83212
1.80527
1.81783
1.7599
1.80238
1.77036
1.77172
1.77332
1.76057
1.76834
1.80336
1.79294
1.80895
1.78301
1.76225
1.74404
1.71398
1.80308
1.78559
1.80251
1.74883
1.77784
1.76412
1.74497
1.74283
1.76976
1.76182
1.79132
1.70965
1.78266
1.72632
1.74229
1.73419
1.72887
1.79023
1.74263
1.75941
1.73266
1.74831
1.78724
1.72422
1.72716
1.75296
1.7558
1.76337
1.72525
1.75404
1.78236
1.78869
1.75693
1.73525
1.77914
1.71075
1.6888
1.7363
1.71106
1.75114
1.71938
1.71994
1.74451
1.69418
1.78343
1.7772
1.70848
1.78096
1.7427
1.72
1.73605
1.75576
1.72353
1.75987
1.71435
1.69927
1.76474
1.75326
1.68703
1.7212
1.68924
1.75114
1.67958
1.69249
1.70248
1.72053
1.71536
1.70164
1.68769
1.72358
1.66311
1.69171
1.7518
1.66092
1.72817
1.65756
1.70333
1.69527
1.68586
1.65165
1.72418
1.64511
1.65992
1.67133
1.66934
1.68632
1.65562
1.66077
1.68981
1.67896
1.67682
1.69494
1.6493
1.72902
1.68177
1.71816
1.71939
1.68541
1.65877
1.66369
1.66562
1.71692
1.60849
1.70961
1.68575
1.64679
1.72738
1.63487
1.69687
1.65554
1.61748
1.64285
1.65755
1.62563
1.67217
1.69282
1.64976
1.62654
1.63965
1.65213
1.65331
1.64022
1.69031
1.685
1.69916
1.61115
1.64829
1.64177
1.62216
1.58853
1.63715
1.66821
1.64419
1.63435
1.62338
1.64346
1.64848
1.60748
1.61748
1.65652
1.64961
1.64745
1.63773
1.62005
1.6332
1.63297
1.63165
1.62725
1.59081
1.65482
1.6101
1.60611
1.6186
1.63795
1.62739
1.61336
1.63147
1.62827
1.64303
1.6021
1.59548
1.58208
1.6153
1.61578
1.57112
1.6137
1.59773
1.53818
1.63519
1.56832
1.59077
1.62804
1.61669
1.58454
1.65467
1.62396
1.59737
1.60881
1.5782
1.63896
1.59115
1.61645
1.57955
1.60749
1.60489
1.55617
1.55635
1.59172
1.65098
1.61479
1.58538
1.57332
1.59786
1.57743
1.6319
1.63901
1.56917
1.59277
1.62006
1.58876
1.62
1.61305
1.57148
1.56515
1.54004
1.60908
1.59187
1.56404
1.54986
1.54439
1.62104
1.55484
1.57041
1.58501
1.6055
1.56731
1.58434
1.62168
1.579
1.55236
1.58903
1.55321
1.58284
1.55381
1.55144
1.564
1.56414
1.54812
1.53589
1.55182
1.56429
1.53293
1.55384
1.56671
1.57435
1.54126
1.58787
1.54897
1.56871
1.60176
1.54202
1.54005
1.58556
1.52352
1.56347
1.52356
1.53243
1.52963
1.54517
1.53722
1.54334
1.55307
1.54763
1.55572
1.56541
1.56439
1.5456
1.54193
1.48779
1.53993
1.51077
1.54285
1.52214
1.49125
1.52088
1.50601
1.49337
1.56056
1.52548
1.53134
1.51486
1.53308
1.53468
1.545
1.55142
1.52159
1.50018
1.52699
1.53877
1.53313
1.55152
1.51805
1.49758
1.49551
1.51794
1.5269
1.53733
1.48854
1.53712
1.53354
1.51159
1.51912
1.56534
1.54873
1.49486
1.51572
1.48124
1.49447
1.52896
1.52897
1.51963
1.5283
1.51924
1.5397
1.51084
1.47247
1.45297
1.49452
1.48582
1.50643
1.49218
1.52398
1.49919
1.53288
1.49122
1.53007
1.46389
1.47283
1.45625
1.48847
1.47761
1.51234
1.4939
1.49511
1.52699
1.45901
1.50849
1.44514
1.49663
1.49069
1.47842
1.48726
1.48674
1.46113
1.47314
1.51867
1.4853
1.49199
1.51617
1.44314
1.51245
1.46906
1.4863
1.50449
1.46257
1.50883
1.51295
1.48678
1.48538
1.52138
1.47011
1.45838
1.47402
1.48773
1.48874
1.44365
1.48458
1.46166
1.46009
1.47902
1.42861
1.48025
1.46703
1.46518
1.44782
1.47187
1.4618
1.43707
1.51028
1.45198
1.43807
1.43636
1.42704
1.42479
1.48086
1.44472
1.42789
1.45331
1.47672
1.45236
1.45204
1.45762
1.42779
1.48881
1.45359
1.42368
1.43616
1.40402
1.45052
1.45899
1.44013
1.45836
1.42942
1.43843
1.44826
1.44354
1.45601
1.41295
1.45621
1.38951
1.43264
1.4407
1.4313
1.37003
1.44081
1.38728
1.44772
1.47127
1.45372
1.43654
1.38388
1.44919
1.41829
1.43786
1.4585
1.42286
1.45455
1.44618
1.45828
1.46139
1.47738
1.43699
1.41133
1.39047
1.45503
1.41778
1.42083
1.406
1.42117
1.41802
1.43358
1.40893
1.45128
1.42786
1.43996
1.43044
1.39308
1.41245
1.41379
1.42568
1.41074
1.37458
1.45853
1.41052
1.36982
1.42243
1.40446
1.38818
1.42092
1.3919
1.3827
1.38804
1.39262
1.41806
1.37208
1.40619
1.44039
1.40532
1.3964
1.42766
1.43
1.42273
1.4218
1.38414
1.39281
1.36652
1.41214
1.37879
1.37248
1.37222
1.40433
1.41796
1.38567
1.39548
1.42996
1.42774
1.38504
1.39254
1.40105
1.41121
1.40396
1.35088
1.37378
1.38402
1.38405
1.37637
1.34287
1.42986
1.35741
1.3402
1.36343
1.44348
1.37489
1.37018
1.39528
1.36589
1.39238
1.3894
1.40456
1.3643
1.43219
1.39363
1.42238
1.34847
1.3645
1.37384
1.38848
1.37456
1.36459
1.37236
1.35546
1.37632
1.36874
1.33753
1.3416
1.35057
1.35782
1.34955
1.40022
1.38527
1.36183
1.36287
1.35095
1.38843
1.36722
1.39192
1.38246
1.35884
1.40136
1.39612
1.3536
1.37196
1.34623
1.38599
1.35728
1.40449
1.39263
1.38779
1.37752
1.34169
1.34875
1.37532
1.36306
1.3952
1.32348
1.34949
1.33815
1.39225
1.31346
1.3721
1.35998
1.37219
1.34329
1.38633
1.32995
1.34406
1.37201
1.34795
1.32464
1.31761
1.32995
1.31651
1.34973
1.33434
1.34781
1.33621
1.3737
1.35046
1.32743
1.33306
1.33351
1.35064
1.34783
1.31753
1.35242
1.30975
1.34997
1.35139
1.32354
1.31065
1.35076
1.35557
1.32526
1.35613
1.30849
1.31386
1.34858
1.34955
1.34216
1.32097
1.28878
1.32726
1.33289
1.34142
1.35226
1.30278
1.29626
1.31308
1.33974
1.31536
1.3047
1.33276
1.33849
1.32019
1.29235
1.33486
1.32272
1.3098
1.28426
1.36084
1.27573
1.31505
1.28971
1.35139
1.30557
1.31423
1.29345
1.30386
1.28393
1.29073
1.32423
1.31457
1.30953
1.30356
1.34049
1.3132
1.31236
1.33008
1.32543
1.32712
1.3122
1.28069
1.29686
1.28113
1.29818
1.27729
1.30608
1.32011
1.33615
1.30986
1.30805
1.27491
1.33083
1.33269
1.29553
1.31715
1.30567
1.32395
1.33289
1.3079
1.26613
1.33909
1.30435
1.31376
1.288
1.29752
1.30485
1.31862
1.25513
1.26114
1.27407
1.30657
1.24904
1.29448
1.3102
1.27043
1.29373
1.26737
1.30432
1.2957
1.27486
1.26304
1.29287
1.30007
1.30047
1.2697
1.25734
1.26606
1.2758
1.27384
1.33389
1.30019
1.28438
1.28499
1.30219
1.2744
1.2596
1.29183
1.29679
1.27083
1.27353
1.26493
1.28314
1.26651
1.27613
1.29247
1.26623
1.29209
1.28465
1.25522
1.2735
1.2801
1.27217
1.28788
1.26048
1.2859
1.25385
1.26961
1.29323
1.26357
1.27274
1.28426
1.28199
1.30857
1.28613
1.28585
1.27542
1.25318
1.23445
1.27422
1.28616
1.26023
1.2624
1.30318
1.27831
1.28562
1.26399
1.27962
1.2646
1.27427
1.2327
1.225
1.2484
1.23141
1.25241
1.27043
1.24321
1.222
1.28914
1.28765
1.29551
1.26755
1.30146
1.27796
1.25802
1.26634
1.24418
1.25569
1.27163
1.27444
1.26322
1.27066
1.21521
1.26163
1.24201
1.26887
1.24398
1.268
1.26596
1.26185
1.29637
1.27049
1.2727
1.26699
1.27039
1.25221
1.27281
1.24076
1.26405
1.21983
1.28147
1.22488
1.24729
1.1961
1.25146
1.24059
1.23661
1.24948
1.23656
1.24066
1.25141
1.26238
1.25137
1.24803
1.26056
1.23029
1.20545
1.25051
1.21961
1.25989
1.25605
1.21341
1.25303
1.2486
1.23176
1.25275
1.22431
1.25894
1.25101
1.24376
1.23966
1.24206
1.2533
1.20063
1.2482
1.20236
1.23132
1.21222
1.26096
1.20921
1.24712
1.23429
1.23307
1.22064
1.23318
1.19458
1.25427
1.27136
1.18331
1.22564
1.2274
1.2193
1.20431
1.24325
1.24314
1.23453
1.24758
1.23128
1.17195
1.21942
1.25519
1.18687
1.20855
1.25037
1.21805
1.19753
1.21684
1.21768
1.22278
1.20054
1.24086
1.2234
1.22297
1.22266
1.2094
1.24018
1.23038
1.22629
1.19847
1.20578
1.23227
1.21788
1.25022
1.24208
1.2162
1.20367
1.2172
1.21643
1.20145
1.22766
1.16455
1.22413
1.18218
1.18673
1.22425
1.20068
1.21846
1.217
1.22777
1.1996
1.22763
1.20511
1.2096
1.19428
1.22568
1.21238
1.20205
1.20984
1.23678
1.21426
1.19852
1.21925
1.19456
1.19042
1.15242
1.20933
1.21798
1.18005
1.17192
1.2013
1.20622
1.21096
1.18347
1.23095
1.18665
1.20725
1.19772
1.19011
1.24103
1.21554
1.18707
1.17687
1.23453
1.23535
1.21167
1.1927
1.15906
1.18777
1.18625
1.1958
1.19161
1.19686
1.18165
1.22011
1.1782
1.19277
1.18992
1.2051
1.16634
1.1819
1.18738
1.18443
1.13976
1.18123
1.20109
1.1522
1.20082
1.17889
1.18511
1.17259
1.19699
1.18841
1.19138
1.16787
1.19223
1.21696
1.2026
1.15192
1.16928
1.2035
1.16705
1.2141
1.15961
1.22918
1.16088
1.14638
1.19755
1.19664
1.18537
1.15114
1.21012
1.16575
1.19176
1.18509
1.18524
1.17371
1.18962
1.18036
1.13876
1.14512
1.17799
1.17867
1.17128
1.17574
1.17111
1.17365
1.16814
1.17006
1.21475
1.13438
1.16455
1.18129
1.17674
1.18751
1.14217
1.21755
1.17889
1.17169
1.19693
1.17829
1.19227
1.16348
1.13363
1.1928
1.18715
1.1817
1.15281
1.19121
1.15944
1.16326
1.16495
1.16105
1.18446
1.19004
1.18124
1.17292
1.17349
1.14733
1.16071
1.14057
1.18042
1.18015
1.20072
1.14561
1.15521
1.16252
1.15844
1.15073
1.1719
1.16754
1.17737
1.1494
1.18397
1.13871
1.14507
1.15116
1.16094
1.19213
1.15176
1.1778
1.15486
1.17087
1.16979
1.1609
1.14369
1.18075
1.18169
1.16862
1.15771
1.16209
1.18938
1.18545
1.19821
1.16135
1.17746
1.14497
1.1384
1.17161
1.15641
1.16252
1.16345
1.14825
1.18009
1.12921
1.18188
1.18136
1.13481
1.18463
1.16446
1.17345
1.15788
1.17433
1.16288
1.16974
1.14406
1.14839
